[6.jpg]
filters=tilt=1,0.620489,0.000000;tilt=1,0.644204,0.000000;
moddate=e2e73bd98f24d301
width=2592
height=2592
textactive=0
[6 - Copy.jpg]
filters=tilt=1,0.620489,0.000000;
moddate=837ff0039024d301
width=2592
height=2592
textactive=0
[6 - Copy - Copy.jpg]
filters=tilt=1,0.889253,0.000000;
moddate=54b555449024d301
width=2592
height=2592
textactive=0
